  2.180180E+01  2.180180E+01  2.180180E+01  2.180180E+01  3.824647E+01
  3.824647E+01  2.790011E+02  2.790011E+02  2.790011E+02  2.790011E+02
  3.736022E+02  3.736022E+02  3.736022E+02  3.736022E+02  3.984347E+02
  3.984347E+02  4.664403E+02  4.664403E+02
  2.000460E+01  2.000460E+01  2.346791E+01  2.346791E+01  3.513308E+01
  4.112486E+01  2.788071E+02  2.788071E+02  2.791956E+02  2.791956E+02
  3.735964E+02  3.735964E+02  3.736077E+02  3.736077E+02  3.980637E+02
  3.988060E+02  4.661883E+02  4.666581E+02
  1.808808E+01  1.808808E+01  2.499179E+01  2.499179E+01  3.180324E+01
  4.375103E+01  2.786185E+02  2.786185E+02  2.793859E+02  2.793859E+02
  3.735906E+02  3.735906E+02  3.736129E+02  3.736129E+02  3.977017E+02
  3.991689E+02  4.659092E+02  4.668379E+02
  1.606451E+01  1.606451E+01  2.636306E+01  2.636306E+01  2.827677E+01
  4.610907E+01  2.784397E+02  2.784397E+02  2.795671E+02  2.795671E+02
  3.735849E+02  3.735849E+02  3.736176E+02  3.736176E+02  3.973574E+02
  3.995148E+02  4.656130E+02  4.669790E+02
  1.394659E+01  1.394659E+01  2.457475E+01  2.757217E+01  2.757217E+01
  4.818446E+01  2.782751E+02  2.782751E+02  2.797348E+02  2.797348E+02
  3.735794E+02  3.735794E+02  3.736218E+02  3.736218E+02  3.970389E+02
  3.998355E+02  4.653125E+02  4.670839E+02
  1.174731E+01  1.174731E+01  2.071950E+01  2.861055E+01  2.861055E+01
  4.996417E+01  2.781286E+02  2.781286E+02  2.798847E+02  2.798847E+02
  3.735744E+02  3.735744E+02  3.736253E+02  3.736253E+02  3.967542E+02
  4.001230E+02  4.650223E+02  4.671569E+02
  9.479941E+00  9.479941E+00  1.673448E+01  2.947075E+01  2.947075E+01
  5.143678E+01  2.780037E+02  2.780037E+02  2.800129E+02  2.800129E+02
  3.735700E+02  3.735700E+02  3.736283E+02  3.736283E+02  3.965105E+02
  4.003698E+02  4.647576E+02  4.672041E+02
  7.157919E+00  7.157919E+00  1.264424E+01  3.014649E+01  3.014649E+01
  5.259261E+01  2.779035E+02  2.779035E+02  2.801163E+02  2.801163E+02
  3.735664E+02  3.735664E+02  3.736306E+02  3.736306E+02  3.963139E+02
  4.005694E+02  4.645332E+02  4.672319E+02
  4.794812E+00  4.794812E+00  8.474215E+00  3.063279E+01  3.063279E+01
  5.342391E+01  2.778301E+02  2.778301E+02  2.801921E+02  2.801921E+02
  3.735637E+02  3.735637E+02  3.736323E+02  3.736323E+02  3.961697E+02
  4.007163E+02  4.643624E+02  4.672465E+02
  2.404271E+00  2.404271E+00  4.250576E+00  3.092603E+01  3.092603E+01
  5.392500E+01  2.777854E+02  2.777854E+02  2.802384E+02  2.802384E+02
  3.735621E+02  3.735621E+02  3.736333E+02  3.736333E+02  3.960816E+02
  4.008062E+02  4.642555E+02  4.672531E+02
  0.000000E+00  0.000000E+00  0.000000E+00  3.102402E+01  3.102402E+01
  5.409241E+01  2.777704E+02  2.777704E+02  2.802539E+02  2.802539E+02
  3.735615E+02  3.735615E+02  3.736336E+02  3.736336E+02  3.960520E+02
  4.008365E+02  4.642191E+02  4.672549E+02
  2.194096E+00  5.272125E+00  8.718970E+00  3.147304E+01  3.219152E+01
  5.402745E+01  2.777998E+02  2.779163E+02  2.802826E+02  2.803733E+02
  3.734873E+02  3.735527E+02  3.735627E+02  3.736242E+02  3.960775E+02
  4.008555E+02  4.641369E+02  4.671618E+02
  4.457059E+00  1.053786E+01  1.742445E+01  3.278107E+01  3.545732E+01
  5.384025E+01  2.778878E+02  2.783514E+02  2.803682E+02  2.807298E+02
  3.732626E+02  3.733540E+02  3.735259E+02  3.735962E+02  3.961535E+02
  4.009124E+02  4.638906E+02  4.668831E+02
  6.851970E+00  1.579082E+01  2.610297E+01  3.484546E+01  4.029664E+01
  5.355363E+01  2.780336E+02  2.790681E+02  2.805102E+02  2.813181E+02
  3.728864E+02  3.730145E+02  3.734805E+02  3.735497E+02  3.962779E+02
  4.010070E+02  4.634802E+02  4.664196E+02
  9.431611E+00  2.102463E+01  3.474100E+01  3.753226E+01  4.619182E+01
  5.320486E+01  2.782358E+02  2.800540E+02  2.807075E+02  2.821300E+02
  3.723644E+02  3.725479E+02  3.734153E+02  3.734854E+02  3.964476E+02
  4.011388E+02  4.629062E+02  4.657733E+02
  1.223598E+01  2.623293E+01  4.070644E+01  4.332504E+01  5.275878E+01
  5.284440E+01  2.784928E+02  2.809583E+02  2.812929E+02  2.831544E+02
  3.717062E+02  3.719575E+02  3.733289E+02  3.734035E+02  3.966590E+02
  4.013071E+02  4.621693E+02  4.649465E+02
  1.529179E+01  3.140936E+01  4.424918E+01  5.184149E+01  5.253386E+01
  5.974126E+01  2.788023E+02  2.812609E+02  2.827649E+02  2.843779E+02
  3.709228E+02  3.712478E+02  3.732205E+02  3.733040E+02  3.969080E+02
  4.015108E+02  4.612701E+02  4.639425E+02
  1.861343E+01  3.654760E+01  4.806337E+01  5.234306E+01  6.027670E+01
  6.697179E+01  2.791616E+02  2.816128E+02  2.844471E+02  2.857861E+02
  3.700260E+02  3.704250E+02  3.730893E+02  3.731861E+02  3.971904E+02
  4.017485E+02  4.602098E+02  4.627650E+02
  2.220477E+01  4.164131E+01  5.207246E+01  5.234601E+01  6.861685E+01
  7.433883E+01  2.795677E+02  2.820114E+02  2.863139E+02  2.873644E+02
  3.690284E+02  3.694969E+02  3.729351E+02  3.730486E+02  3.975022E+02
  4.020184E+02  4.589900E+02  4.614186E+02
  2.606121E+01  4.668421E+01  5.261582E+01  5.621693E+01  7.684792E+01
  8.176559E+01  2.800173E+02  2.824539E+02  2.883347E+02  2.891013E+02
  3.679430E+02  3.684723E+02  3.727577E+02  3.728901E+02  3.978398E+02
  4.023184E+02  4.576125E+02  4.599082E+02
  3.017166E+01  5.167002E+01  5.321896E+01  6.045035E+01  8.495552E+01
  8.919713E+01  2.805068E+02  2.829371E+02  2.904645E+02  2.909996E+02
  3.667835E+02  3.673613E+02  3.725570E+02  3.727093E+02  3.981996E+02
  4.026457E+02  4.560796E+02  4.582394E+02
  3.452030E+01  5.420964E+01  5.659249E+01  6.473622E+01  9.292477E+01
  9.659288E+01  2.810323E+02  2.834576E+02  2.926226E+02  2.930982E+02
  3.655636E+02  3.661753E+02  3.723327E+02  3.725049E+02  3.985786E+02
  4.029975E+02  4.543943E+02  4.564187E+02
  3.908797E+01  5.562538E+01  6.144540E+01  6.904532E+01  1.007400E+02
  1.039221E+02  2.815900E+02  2.840121E+02  2.947585E+02  2.954068E+02
  3.642972E+02  3.649267E+02  3.720845E+02  3.722757E+02  3.989735E+02
  4.033703E+02  4.525604E+02  4.544526E+02
  4.385336E+01  5.748454E+01  6.622256E+01  7.335389E+01  1.083846E+02
  1.111613E+02  2.821759E+02  2.845969E+02  2.969130E+02  2.978457E+02
  3.629983E+02  3.636290E+02  3.718120E+02  3.720208E+02  3.993816E+02
  4.037607E+02  4.505821E+02  4.523486E+02
  4.879383E+01  5.978648E+01  7.091779E+01  7.764216E+01  1.158409E+02
  1.182924E+02  2.827859E+02  2.852084E+02  2.991064E+02  3.003580E+02
  3.616805E+02  3.622965E+02  3.715151E+02  3.717396E+02  3.998000E+02
  4.041647E+02  4.484647E+02  4.501145E+02
  5.388612E+01  6.251392E+01  7.552499E+01  8.189345E+01  1.230903E+02
  1.253014E+02  2.834160E+02  2.858428E+02  3.013341E+02  3.029134E+02
  3.603569E+02  3.609450E+02  3.711937E+02  3.714314E+02  4.002257E+02
  4.045784E+02  4.462144E+02  4.477589E+02
  5.910678E+01  6.563667E+01  8.003807E+01  8.609334E+01  1.301150E+02
  1.321760E+02  2.840624E+02  2.864965E+02  3.035848E+02  3.054910E+02
  3.590395E+02  3.595918E+02  3.708475E+02  3.710962E+02  4.006559E+02
  4.049975E+02  4.438384E+02  4.452907E+02
  6.443245E+01  6.911603E+01  8.445102E+01  9.022919E+01  1.369000E+02
  1.389029E+02  2.847214E+02  2.871659E+02  3.058456E+02  3.080731E+02
  3.577383E+02  3.582561E+02  3.704767E+02  3.707343E+02  4.010874E+02
  4.054177E+02  4.413451E+02  4.427197E+02
  6.983980E+01  7.290885E+01  8.875790E+01  9.428975E+01  1.434356E+02
  1.454653E+02  2.853894E+02  2.878471E+02  3.081034E+02  3.106443E+02
  3.564606E+02  3.569596E+02  3.700814E+02  3.703463E+02  4.015173E+02
  4.058348E+02  4.387443E+02  4.400561E+02
  7.530416E+01  7.697228E+01  9.295285E+01  9.826486E+01  1.497169E+02
  1.518429E+02  2.860630E+02  2.885367E+02  3.103452E+02  3.131906E+02
  3.552123E+02  3.557251E+02  3.696619E+02  3.699333E+02  4.019423E+02
  4.062443E+02  4.360470E+02  4.373109E+02
  8.077723E+01  8.128823E+01  9.703013E+01  1.021453E+02  1.557416E+02
  1.580140E+02  2.867390E+02  2.892311E+02  3.125580E+02  3.156988E+02
  3.540017E+02  3.545723E+02  3.692187E+02  3.694970E+02  4.023592E+02
  4.066420E+02  4.332658E+02  4.344958E+02
  8.565855E+01  8.639341E+01  1.009841E+02  1.059224E+02  1.615079E+02
  1.639583E+02  2.874145E+02  2.899268E+02  3.147290E+02  3.181564E+02
  3.528423E+02  3.535141E+02  3.687526E+02  3.690395E+02  4.027649E+02
  4.070237E+02  4.304150E+02  4.316232E+02
  9.027187E+01  9.190361E+01  1.048094E+02  1.095886E+02  1.670131E+02
  1.696576E+02  2.880867E+02  2.906207E+02  3.168451E+02  3.205514E+02
  3.517511E+02  3.525585E+02  3.682646E+02  3.685633E+02  4.031561E+02
  4.073854E+02  4.275104E+02  4.287067E+02
  9.497034E+01  9.740888E+01  1.085008E+02  1.131364E+02  1.722536E+02
  1.750963E+02  2.887530E+02  2.913095E+02  3.188932E+02  3.228717E+02
  3.507450E+02  3.517117E+02  3.677561E+02  3.680712E+02  4.035300E+02
  4.077232E+02  4.245700E+02  4.257606E+02
  9.973051E+01  1.028793E+02  1.120531E+02  1.165591E+02  1.772257E+02
  1.802614E+02  2.894110E+02  2.919902E+02  3.208594E+02  3.251051E+02
  3.498388E+02  3.509790E+02  3.672292E+02  3.675663E+02  4.038835E+02
  4.080336E+02  4.216131E+02  4.228007E+02
  1.045217E+02  1.082956E+02  1.154619E+02  1.198507E+02  1.819256E+02
  1.851418E+02  2.900585E+02  2.926600E+02  3.227295E+02  3.272391E+02
  3.490449E+02  3.503653E+02  3.666866E+02  3.670515E+02  4.042143E+02
  4.083134E+02  4.186611E+02  4.198440E+02
  1.093143E+02  1.136402E+02  1.187226E+02  1.230055E+02  1.863505E+02
  1.897290E+02  2.906932E+02  2.933160E+02  3.244888E+02  3.292603E+02
  3.483733E+02  3.498739E+02  3.661313E+02  3.665300E+02  4.045201E+02
  4.085596E+02  4.157370E+02  4.169089E+02
  1.140806E+02  1.188963E+02  1.218312E+02  1.260185E+02  1.904985E+02
  1.940164E+02  2.913132E+02  2.939557E+02  3.261218E+02  3.311551E+02
  3.478318E+02  3.495064E+02  3.655672E+02  3.660049E+02  4.047991E+02
  4.087700E+02  4.128654E+02  4.140159E+02
  1.187945E+02  1.240474E+02  1.247843E+02  1.288851E+02  1.943690E+02
  1.980001E+02  2.919165E+02  2.945768E+02  3.276129E+02  3.329086E+02
  3.474252E+02  3.492622E+02  3.649982E+02  3.654795E+02  4.050500E+02
  4.089426E+02  4.100721E+02  4.111866E+02
  1.234313E+02  1.275785E+02  1.290773E+02  1.316014E+02  1.979633E+02
  2.016782E+02  2.925011E+02  2.951768E+02  3.289466E+02  3.345056E+02
  3.471557E+02  3.491383E+02  3.644289E+02  3.649571E+02  4.052722E+02
  4.073835E+02  4.084448E+02  4.090760E+02
  1.279675E+02  1.302115E+02  1.339697E+02  1.341642E+02  2.012839E+02
  2.050519E+02  2.930652E+02  2.957538E+02  3.301082E+02  3.359306E+02
  3.470224E+02  3.491293E+02  3.638636E+02  3.644412E+02  4.048262E+02
  4.054655E+02  4.058151E+02  4.091695E+02
  1.323806E+02  1.326810E+02  1.365708E+02  1.387081E+02  2.043356E+02
  2.081250E+02  2.936070E+02  2.963058E+02  3.310846E+02  3.371681E+02
  3.470211E+02  3.492272E+02  3.633069E+02  3.639354E+02  4.024256E+02
  4.033232E+02  4.056307E+02  4.092229E+02
  1.349856E+02  1.366488E+02  1.388192E+02  1.432759E+02  2.071246E+02
  2.109037E+02  2.941247E+02  2.968308E+02  3.318659E+02  3.382044E+02
  3.471449E+02  3.494214E+02  3.627633E+02  3.634432E+02  4.002048E+02
  4.009947E+02  4.057688E+02  4.092367E+02
  1.371244E+02  1.407507E+02  1.409079E+02  1.476558E+02  2.096588E+02
  2.133971E+02  2.946164E+02  2.973272E+02  3.324464E+02  3.390283E+02
  3.473833E+02  3.496990E+02  3.622372E+02  3.629680E+02  3.981826E+02
  3.988540E+02  4.058821E+02  4.092122E+02
  1.390970E+02  1.428361E+02  1.446654E+02  1.518297E+02  2.119473E+02
  2.156164E+02  2.950804E+02  2.977934E+02  3.328266E+02  3.396331E+02
  3.477236E+02  3.500454E+02  3.617329E+02  3.625134E+02  3.963723E+02
  3.969225E+02  4.059733E+02  4.091512E+02
  1.409035E+02  1.446037E+02  1.483721E+02  1.557793E+02  2.140004E+02
  2.175747E+02  2.955151E+02  2.982279E+02  3.330141E+02  3.400189E+02
  3.481503E+02  3.504437E+02  3.612543E+02  3.620826E+02  3.947794E+02
  3.952178E+02  4.060456E+02  4.090565E+02
  1.425446E+02  1.462108E+02  1.518501E+02  1.594851E+02  2.158291E+02
  2.192866E+02  2.959186E+02  2.986293E+02  3.330244E+02  3.401940E+02
  3.486460E+02  3.508764E+02  3.608052E+02  3.616787E+02  3.934005E+02
  3.937518E+02  4.061031E+02  4.089314E+02
  1.440216E+02  1.476583E+02  1.550790E+02  1.629270E+02  2.174448E+02
  2.207679E+02  2.962894E+02  2.989963E+02  3.328808E+02  3.401765E+02
  3.491921E+02  3.513247E+02  3.603890E+02  3.613047E+02  3.922245E+02
  3.925282E+02  4.061502E+02  4.087798E+02
  1.453357E+02  1.489472E+02  1.580385E+02  1.660843E+02  2.188587E+02
  2.220348E+02  2.966259E+02  2.993279E+02  3.326135E+02  3.399938E+02
  3.497688E+02  3.517700E+02  3.600087E+02  3.609631E+02  3.912393E+02
  3.915369E+02  4.061914E+02  4.086065E+02
  1.464888E+02  1.500790E+02  1.607086E+02  1.689361E+02  2.200813E+02
  2.231036E+02  2.969267E+02  2.996229E+02  3.322576E+02  3.396822E+02
  3.503563E+02  3.521940E+02  3.596672E+02  3.606563E+02  3.904355E+02
  3.907522E+02  4.062315E+02  4.084167E+02
  1.474828E+02  1.510553E+02  1.630702E+02  1.714615E+02  2.211226E+02
  2.239901E+02  2.971904E+02  2.998805E+02  3.318508E+02  3.392841E+02
  3.509348E+02  3.525792E+02  3.593666E+02  3.603864E+02  3.898008E+02
  3.901427E+02  4.062749E+02  4.082163E+02
  1.483197E+02  1.518777E+02  1.651047E+02  1.736401E+02  2.219910E+02
  2.247095E+02  2.974157E+02  3.000999E+02  3.314309E+02  3.388452E+02
  3.514855E+02  3.529098E+02  3.591091E+02  3.601552E+02  3.893166E+02
  3.896790E+02  4.063254E+02  4.080117E+02
  1.490013E+02  1.525480E+02  1.667953E+02  1.754527E+02  2.226935E+02
  2.252757E+02  2.976016E+02  3.002803E+02  3.310334E+02  3.384109E+02
  3.519906E+02  3.531723E+02  3.588963E+02  3.599640E+02  3.889606E+02
  3.893355E+02  4.063853E+02  4.078102E+02
  1.495295E+02  1.530675E+02  1.681272E+02  1.768823E+02  2.232355E+02
  2.257014E+02  2.977472E+02  3.004212E+02  3.306897E+02  3.380236E+02
  3.524337E+02  3.533559E+02  3.587295E+02  3.598141E+02  3.887106E+02
  3.890911E+02  4.064547E+02  4.076206E+02
  1.499056E+02  1.534376E+02  1.690879E+02  1.779145E+02  2.236205E+02
  2.259971E+02  2.978517E+02  3.005222E+02  3.304253E+02  3.377190E+02
  3.527990E+02  3.534545E+02  3.586096E+02  3.597064E+02  3.885473E+02
  3.889287E+02  4.065288E+02  4.074550E+02
  1.501308E+02  1.536592E+02  1.696682E+02  1.785383E+02  2.238508E+02
  2.261710E+02  2.979146E+02  3.005829E+02  3.302589E+02  3.375248E+02
  3.530667E+02  3.534718E+02  3.585374E+02  3.596415E+02  3.884556E+02
  3.888362E+02  4.065934E+02  4.073333E+02
  1.502058E+02  1.537331E+02  1.698623E+02  1.787471E+02  2.239275E+02
  2.262284E+02  2.979356E+02  3.006032E+02  3.302022E+02  3.374581E+02
  3.531819E+02  3.534528E+02  3.585133E+02  3.596198E+02  3.884261E+02
  3.888061E+02  4.066210E+02  4.072861E+02
  1.504398E+02  1.539488E+02  1.698787E+02  1.787471E+02  2.238542E+02
  2.261408E+02  2.980523E+02  3.007206E+02  3.301836E+02  3.374320E+02
  3.530639E+02  3.533300E+02  3.586285E+02  3.597439E+02  3.883721E+02
  3.887538E+02  4.065816E+02  4.072478E+02
  1.511348E+02  1.545888E+02  1.699284E+02  1.787480E+02  2.236375E+02
  2.258808E+02  2.984004E+02  3.010710E+02  3.301279E+02  3.373535E+02
  3.527313E+02  3.529835E+02  3.589518E+02  3.600936E+02  3.882107E+02
  3.885972E+02  4.064638E+02  4.071336E+02
  1.522696E+02  1.556320E+02  1.700134E+02  1.787519E+02  2.232866E+02
  2.254576E+02  2.989745E+02  3.016485E+02  3.300356E+02  3.372225E+02
  3.522293E+02  3.524604E+02  3.594355E+02  3.606194E+02  3.879438E+02
  3.883383E+02  4.062697E+02  4.069451E+02
  1.538100E+02  1.570443E+02  1.701371E+02  1.787625E+02  2.228171E+02
  2.248860E+02  2.997659E+02  3.024438E+02  3.299075E+02  3.370392E+02
  3.515986E+02  3.518053E+02  3.600349E+02  3.612731E+02  3.875747E+02
  3.879798E+02  4.060024E+02  4.066854E+02
  1.557102E+02  1.587794E+02  1.703036E+02  1.787843E+02  2.222509E+02
  2.241869E+02  3.007626E+02  3.034443E+02  3.297450E+02  3.368034E+02
  3.508658E+02  3.510486E+02  3.607184E+02  3.620194E+02  3.871076E+02
  3.875257E+02  4.056662E+02  4.063585E+02
  1.579139E+02  1.607805E+02  1.705178E+02  1.788229E+02  2.216167E+02
  2.233876E+02  3.019500E+02  3.046346E+02  3.295494E+02  3.365155E+02
  3.500458E+02  3.502087E+02  3.614654E+02  3.628343E+02  3.865481E+02
  3.869809E+02  4.052666E+02  4.059696E+02
  1.603557E+02  1.629818E+02  1.707849E+02  1.788842E+02  2.209497E+02
  2.225217E+02  3.033112E+02  3.059970E+02  3.293231E+02  3.361758E+02
  3.491470E+02  3.492964E+02  3.622614E+02  3.637010E+02  3.859025E+02
  3.863511E+02  4.048098E+02  4.055248E+02
  1.629625E+02  1.653090E+02  1.711102E+02  1.789742E+02  2.202926E+02
  2.216293E+02  3.048274E+02  3.075118E+02  3.290686E+02  3.357850E+02
  3.481751E+02  3.483184E+02  3.630951E+02  3.646064E+02  3.851781E+02
  3.856430E+02  4.043033E+02  4.050310E+02
  1.656541E+02  1.676817E+02  1.714985E+02  1.790989E+02  2.196951E+02
  2.207581E+02  3.064784E+02  3.091577E+02  3.287894E+02  3.353444E+02
  3.471345E+02  3.472802E+02  3.639568E+02  3.655395E+02  3.843829E+02
  3.848637E+02  4.037550E+02  4.044959E+02
  1.683443E+02  1.700141E+02  1.719538E+02  1.792632E+02  2.192131E+02
  2.199628E+02  3.082428E+02  3.109121E+02  3.284900E+02  3.348557E+02
  3.460307E+02  3.461872E+02  3.648368E+02  3.664899E+02  3.835258E+02
  3.840212E+02  4.031738E+02  4.039277E+02
  1.709416E+02  1.722188E+02  1.724787E+02  1.794710E+02  2.189065E+02
  2.193048E+02  3.100980E+02  3.127508E+02  3.281761E+02  3.343215E+02
  3.448704E+02  3.450459E+02  3.657256E+02  3.674474E+02  3.826159E+02
  3.831238E+02  4.025691E+02  4.033349E+02
  1.730744E+02  1.733529E+02  1.742116E+02  1.797246E+02  2.188334E+02
  2.188505E+02  3.120209E+02  3.146475E+02  3.278558E+02  3.337451E+02
  3.436623E+02  3.438636E+02  3.666136E+02  3.684020E+02  3.816633E+02
  3.821805E+02  4.019507E+02  4.027266E+02
  1.737400E+02  1.754888E+02  1.759195E+02  1.800244E+02  2.186601E+02
  2.190472E+02  3.139872E+02  3.165724E+02  3.275410E+02  3.331309E+02
  3.424176E+02  3.426496E+02  3.674909E+02  3.693435E+02  3.806783E+02
  3.812006E+02  4.013287E+02  4.021115E+02
  1.744721E+02  1.772731E+02  1.772909E+02  1.803685E+02  2.187887E+02
  2.195755E+02  3.159719E+02  3.184886E+02  3.272508E+02  3.324842E+02
  3.411496E+02  3.414146E+02  3.683474E+02  3.702617E+02  3.796722E+02
  3.801944E+02  4.007136E+02  4.014985E+02
  1.752648E+02  1.783030E+02  1.786570E+02  1.807522E+02  2.192625E+02
  2.204223E+02  3.179484E+02  3.203427E+02  3.270211E+02  3.318119E+02
  3.398741E+02  3.401717E+02  3.691734E+02  3.711466E+02  3.786570E+02
  3.791729E+02  4.001156E+02  4.008964E+02
  1.761095E+02  1.789684E+02  1.796258E+02  1.811683E+02  2.200739E+02
  2.215580E+02  3.198885E+02  3.220380E+02  3.269307E+02  3.311227E+02
  3.386090E+02  3.389355E+02  3.699593E+02  3.719886E+02  3.776457E+02
  3.781482E+02  3.995445E+02  4.003136E+02
  1.769946E+02  1.793276E+02  1.802049E+02  1.816063E+02  2.211776E+02
  2.229242E+02  3.217611E+02  3.233757E+02  3.271605E+02  3.304280E+02
  3.373741E+02  3.377229E+02  3.706958E+02  3.727782E+02  3.766527E+02
  3.771336E+02  3.990099E+02  3.997580E+02
  1.779056E+02  1.794407E+02  1.804504E+02  1.820530E+02  2.224973E+02
  2.244430E+02  3.235282E+02  3.241106E+02  3.279378E+02  3.297453E+02
  3.361910E+02  3.365529E+02  3.713747E+02  3.735068E+02  3.756939E+02
  3.761444E+02  3.985202E+02  3.992368E+02
  1.788254E+02  1.793760E+02  1.804360E+02  1.824927E+02  2.239398E+02
  2.260284E+02  3.243317E+02  3.251381E+02  3.291096E+02  3.291508E+02
  3.350823E+02  3.354456E+02  3.719883E+02  3.741665E+02  3.747866E+02
  3.751978E+02  3.980833E+02  3.987565E+02
  1.792004E+02  1.797342E+02  1.802395E+02  1.829068E+02  2.254081E+02
  2.275948E+02  3.243407E+02  3.264413E+02  3.286462E+02  3.304819E+02
  3.340711E+02  3.344226E+02  3.725301E+02  3.739499E+02  3.743130E+02
  3.747503E+02  3.977054E+02  3.983227E+02
  1.789741E+02  1.799329E+02  1.806105E+02  1.832752E+02  2.268114E+02
  2.290630E+02  3.242996E+02  3.269413E+02  3.288341E+02  3.317467E+02
  3.331802E+02  3.335056E+02  3.729946E+02  3.732037E+02  3.735109E+02
  3.752523E+02  3.973917E+02  3.979398E+02
  1.787474E+02  1.795778E+02  1.814308E+02  1.835763E+02  2.280702E+02
  2.303636E+02  3.242789E+02  3.266297E+02  3.296646E+02  3.324306E+02
  3.327157E+02  3.328542E+02  3.725680E+02  3.728136E+02  3.733778E+02
  3.756678E+02  3.971459E+02  3.976112E+02
  1.785605E+02  1.792238E+02  1.821709E+02  1.837877E+02  2.291188E+02
  2.314383E+02  3.243129E+02  3.261473E+02  3.304831E+02  3.318409E+02
  3.320719E+02  3.337517E+02  3.720613E+02  3.722423E+02  3.736768E+02
  3.759932E+02  3.969702E+02  3.973392E+02
  1.784432E+02  1.789084E+02  1.828061E+02  1.838872E+02  2.299058E+02
  2.322407E+02  3.244207E+02  3.256725E+02  3.311026E+02  3.314252E+02
  3.315895E+02  3.344059E+02  3.716988E+02  3.718153E+02  3.738902E+02
  3.762263E+02  3.968658E+02  3.971248E+02
  1.784156E+02  1.786580E+02  1.833122E+02  1.838533E+02  2.303941E+02
  2.327368E+02  3.246125E+02  3.252486E+02  3.311925E+02  3.312792E+02
  3.314788E+02  3.347984E+02  3.714903E+02  3.715456E+02  3.740174E+02
  3.763659E+02  3.968324E+02  3.969683E+02
  1.784889E+02  1.784890E+02  1.836659E+02  1.836661E+02  2.305599E+02
  2.329050E+02  3.248913E+02  3.248916E+02  3.311456E+02  3.311457E+02
  3.316028E+02  3.349270E+02  3.714386E+02  3.714386E+02  3.740595E+02
  3.764123E+02  3.968690E+02  3.968691E+02
  1.784090E+02  1.786615E+02  1.833156E+02  1.838442E+02  2.303987E+02
  2.327418E+02  3.246107E+02  3.252439E+02  3.311843E+02  3.312768E+02
  3.314896E+02  3.348112E+02  3.714888E+02  3.715366E+02  3.740198E+02
  3.763682E+02  3.968259E+02  3.969713E+02
  1.784132E+02  1.789291E+02  1.827859E+02  1.838364E+02  2.299173E+02
  2.322553E+02  3.243943E+02  3.256557E+02  3.311704E+02  3.313830E+02
  3.315738E+02  3.344903E+02  3.716829E+02  3.717722E+02  3.739027E+02
  3.762378E+02  3.968349E+02  3.971368E+02
  1.784930E+02  1.792804E+02  1.820648E+02  1.836270E+02  2.291257E+02
  2.314564E+02  3.242237E+02  3.260884E+02  3.306887E+02  3.317281E+02
  3.320220E+02  3.340235E+02  3.720066E+02  3.721321E+02  3.737120E+02
  3.760246E+02  3.968939E+02  3.973627E+02
  1.786336E+02  1.796979E+02  1.811430E+02  1.832026E+02  2.280415E+02
  2.303637E+02  3.240606E+02  3.264682E+02  3.301095E+02  3.322017E+02
  3.326023E+02  3.335065E+02  3.724442E+02  3.726021E+02  3.734525E+02
  3.757332E+02  3.970004E+02  3.976457E+02
  1.788140E+02  1.800140E+02  1.801584E+02  1.825525E+02  2.266885E+02
  2.290024E+02  3.238367E+02  3.266674E+02  3.295258E+02  3.327825E+02
  3.330863E+02  3.332930E+02  3.729814E+02  3.731303E+02  3.731689E+02
  3.753700E+02  3.971517E+02  3.979820E+02
  1.786736E+02  1.790076E+02  1.806333E+02  1.816687E+02  2.250950E+02
  2.274022E+02  3.234534E+02  3.265225E+02  3.290569E+02  3.329418E+02
  3.334477E+02  3.340703E+02  3.727526E+02  3.736079E+02  3.738224E+02
  3.749427E+02  3.973446E+02  3.983672E+02
  1.771202E+02  1.791827E+02  1.805456E+02  1.810886E+02  2.232933E+02
  2.255967E+02  3.228178E+02  3.259413E+02  3.288107E+02  3.331740E+02
  3.341736E+02  3.349101E+02  3.723280E+02  3.743185E+02  3.744606E+02
  3.745568E+02  3.975756E+02  3.987965E+02
  1.753536E+02  1.791796E+02  1.793024E+02  1.814857E+02  2.213182E+02
  2.236223E+02  3.219029E+02  3.249802E+02  3.288228E+02  3.337283E+02
  3.349371E+02  3.357882E+02  3.718666E+02  3.739347E+02  3.751142E+02
  3.753710E+02  3.978410E+02  3.992644E+02
  1.733753E+02  1.775689E+02  1.793255E+02  1.817806E+02  2.192071E+02
  2.215181E+02  3.207536E+02  3.237585E+02  3.290504E+02  3.344803E+02
  3.357162E+02  3.366814E+02  3.713801E+02  3.733776E+02  3.760014E+02
  3.762686E+02  3.981363E+02  3.997653E+02
  1.711880E+02  1.757131E+02  1.792065E+02  1.819247E+02  2.169996E+02
  2.193255E+02  3.194369E+02  3.223733E+02  3.294220E+02  3.353215E+02
  3.364907E+02  3.375681E+02  3.708814E+02  3.728030E+02  3.769917E+02
  3.772575E+02  3.984572E+02  4.002927E+02
  1.687951E+02  1.736129E+02  1.788966E+02  1.818654E+02  2.147364E+02
  2.170878E+02  3.180091E+02  3.208871E+02  3.298714E+02  3.361725E+02
  3.372428E+02  3.384284E+02  3.703843E+02  3.722256E+02  3.781003E+02
  3.783489E+02  3.987988E+02  4.008403E+02
  1.662006E+02  1.712702E+02  1.783455E+02  1.815475E+02  2.124589E+02
  2.148489E+02  3.165103E+02  3.193397E+02  3.303441E+02  3.369736E+02
  3.379576E+02  3.392452E+02  3.699032E+02  3.716605E+02  3.793443E+02
  3.795563E+02  3.991559E+02  4.014011E+02
  1.634090E+02  1.686874E+02  1.775042E+02  1.809170E+02  2.102060E+02
  2.126504E+02  3.149686E+02  3.177574E+02  3.307945E+02  3.376772E+02
  3.386235E+02  3.400043E+02  3.694524E+02  3.711223E+02  3.807408E+02
  3.808940E+02  3.995235E+02  4.019683E+02
  1.604252E+02  1.658679E+02  1.763293E+02  1.799256E+02  2.080106E+02
  2.105269E+02  3.134040E+02  3.161582E+02  3.311840E+02  3.382449E+02
  3.392329E+02  3.406950E+02  3.690452E+02  3.706247E+02  3.823044E+02
  3.823757E+02  3.998962E+02  4.025349E+02
  1.572543E+02  1.628163E+02  1.747887E+02  1.785385E+02  2.058944E+02
  2.084993E+02  3.118311E+02  3.145549E+02  3.314795E+02  3.386465E+02
  3.397825E+02  3.413113E+02  3.686931E+02  3.701792E+02  3.840128E+02
  3.840455E+02  4.002689E+02  4.030941E+02
  1.539022E+02  1.595378E+02  1.728659E+02  1.767397E+02  2.038634E+02
  2.065695E+02  3.102608E+02  3.129570E+02  3.316538E+02  3.388600E+02
  3.402739E+02  3.418522E+02  3.684046E+02  3.697949E+02  3.858132E+02
  3.859689E+02  4.006362E+02  4.036392E+02
  1.503752E+02  1.560392E+02  1.705631E+02  1.745353E+02  2.019055E+02
  2.047177E+02  3.087012E+02  3.113714E+02  3.316853E+02  3.388710E+02
  3.407139E+02  3.423219E+02  3.681852E+02  3.694773E+02  3.877806E+02
  3.880735E+02  4.009930E+02  4.041634E+02
  1.466804E+02  1.523287E+02  1.678991E+02  1.719505E+02  1.999926E+02
  2.029055E+02  3.071587E+02  3.098035E+02  3.315583E+02  3.386722E+02
  3.411138E+02  3.427304E+02  3.680364E+02  3.692289E+02  3.899141E+02
  3.903523E+02  4.013341E+02  4.046606E+02
  1.428262E+02  1.484157E+02  1.649048E+02  1.690233E+02  1.980848E+02
  2.010822E+02  3.056383E+02  3.082577E+02  3.312628E+02  3.382624E+02
  3.414891E+02  3.430922E+02  3.679566E+02  3.690488E+02  3.922079E+02
  3.927934E+02  4.016545E+02  4.051248E+02
  1.388217E+02  1.443113E+02  1.616175E+02  1.657973E+02  1.961365E+02
  1.991931E+02  3.041437E+02  3.067374E+02  3.307939E+02  3.376446E+02
  3.418586E+02  3.434261E+02  3.679409E+02  3.689334E+02  3.946524E+02
  3.953814E+02  4.019493E+02  4.055503E+02
  1.346780E+02  1.400279E+02  1.580755E+02  1.623151E+02  1.941015E+02
  1.971852E+02  3.026782E+02  3.052459E+02  3.301511E+02  3.368255E+02
  3.422426E+02  3.437532E+02  3.679825E+02  3.688770E+02  3.972346E+02
  3.980986E+02  4.022137E+02  4.059321E+02
  1.304073E+02  1.355792E+02  1.543145E+02  1.586154E+02  1.919366E+02
  1.950106E+02  3.012446E+02  3.037860E+02  3.293375E+02  3.358137E+02
  3.426619E+02  3.440957E+02  3.680735E+02  3.688731E+02  3.999392E+02
  4.009260E+02  4.024432E+02  4.062655E+02
  1.260237E+02  1.309800E+02  1.503661E+02  1.547314E+02  1.896031E+02
  1.926288E+02  2.998453E+02  3.023606E+02  3.283590E+02  3.346193E+02
  3.431364E+02  3.444756E+02  3.682061E+02  3.689145E+02  4.026334E+02
  4.027494E+02  4.038443E+02  4.065465E+02
  1.215432E+02  1.262455E+02  1.462574E+02  1.506908E+02  1.870679E+02
  1.900061E+02  2.984826E+02  3.009726E+02  3.272235E+02  3.332532E+02
  3.436835E+02  3.449126E+02  3.683727E+02  3.689944E+02  4.027805E+02
  4.056476E+02  4.067720E+02  4.068345E+02
  1.169837E+02  1.213917E+02  1.420104E+02  1.465159E+02  1.843031E+02
  1.871160E+02  2.971587E+02  2.996245E+02  3.259404E+02  3.317269E+02
  3.443178E+02  3.454239E+02  3.685667E+02  3.691066E+02  4.028813E+02
  4.069394E+02  4.086160E+02  4.098784E+02
  1.123650E+02  1.164342E+02  1.376432E+02  1.422252E+02  1.812861E+02
  1.839379E+02  2.958757E+02  2.983192E+02  3.245201E+02  3.300519E+02
  3.450499E+02  3.460232E+02  3.687827E+02  3.692455E+02  4.029328E+02
  4.070471E+02  4.116371E+02  4.129584E+02
  1.077090E+02  1.113885E+02  1.331702E+02  1.378333E+02  1.779992E+02
  1.804567E+02  2.946355E+02  2.970590E+02  3.229738E+02  3.282402E+02
  3.458864E+02  3.467198E+02  3.690165E+02  3.694067E+02  4.029333E+02
  4.070944E+02  4.146937E+02  4.160580E+02
  1.030397E+02  1.062692E+02  1.286027E+02  1.333525E+02  1.744290E+02
  1.766623E+02  2.934400E+02  2.958460E+02  3.213132E+02  3.263037E+02
  3.468298E+02  3.475190E+02  3.692645E+02  3.695864E+02  4.028817E+02
  4.070817E+02  4.177689E+02  4.191617E+02
  9.838320E+01  1.010902E+02  1.239497E+02  1.287929E+02  1.705666E+02
  1.725485E+02  2.922905E+02  2.946820E+02  3.195500E+02  3.242544E+02
  3.478787E+02  3.484221E+02  3.695242E+02  3.697815E+02  4.027779E+02
  4.070101E+02  4.208465E+02  4.222547E+02
  9.376762E+01  9.586449E+01  1.192182E+02  1.241634E+02  1.664069E+02
  1.681132E+02  2.911880E+02  2.935680E+02  3.176963E+02  3.221044E+02
  3.490281E+02  3.494264E+02  3.697933E+02  3.699892E+02  4.026227E+02
  4.068817E+02  4.239108E+02  4.253236E+02
  8.922344E+01  9.060414E+01  1.144137E+02  1.194719E+02  1.619486E+02
  1.633571E+02  2.901332E+02  2.925047E+02  3.157643E+02  3.198658E+02
  3.502697E+02  3.505259E+02  3.700698E+02  3.702071E+02  4.024183E+02
  4.066999E+02  4.269462E+02  4.283553E+02
  8.478338E+01  8.532053E+01  1.095411E+02  1.147260E+02  1.571936E+02
  1.582838E+02  2.891261E+02  2.914919E+02  3.137660E+02  3.175507E+02
  3.515928E+02  3.517119E+02  3.703515E+02  3.704331E+02  4.021677E+02
  4.064687E+02  4.299378E+02  4.313379E+02
  8.002469E+01  8.048243E+01  1.046045E+02  1.099335E+02  1.521467E+02
  1.528995E+02  2.881660E+02  2.905288E+02  3.117134E+02  3.151712E+02
  3.529733E+02  3.529845E+02  3.706362E+02  3.706648E+02  4.018749E+02
  4.061929E+02  4.328710E+02  4.342601E+02
  7.472778E+01  7.635786E+01  9.960787E+01  1.051023E+02  1.468156E+02
  1.472122E+02  2.872519E+02  2.896141E+02  3.096185E+02  3.127394E+02
  3.542977E+02  3.544306E+02  3.709000E+02  3.709212E+02  4.015448E+02
  4.058781E+02  4.357314E+02  4.371115E+02
  6.944161E+01  7.244888E+01  9.455539E+01  1.002409E+02  1.412104E+02
  1.412317E+02  2.863822E+02  2.887459E+02  3.074933E+02  3.102675E+02
  3.556714E+02  3.559158E+02  3.711364E+02  3.712038E+02  4.011833E+02
  4.055308E+02  4.385055E+02  4.398822E+02
  6.417932E+01  6.879616E+01  8.945153E+01  9.535877E+01  1.349693E+02
  1.353434E+02  2.855551E+02  2.879219E+02  3.053497E+02  3.077680E+02
  3.570805E+02  3.574241E+02  3.713716E+02  3.714808E+02  4.007967E+02
  4.051577E+02  4.411802E+02  4.425629E+02
  5.895591E+01  6.544071E+01  8.430125E+01  9.046608E+01  1.284378E+02
  1.292289E+02  2.847685E+02  2.871400E+02  3.031997E+02  3.052537E+02
  3.585106E+02  3.589396E+02  3.716035E+02  3.717489E+02  4.003917E+02
  4.047659E+02  4.437431E+02  4.451450E+02
  5.378887E+01  6.242217E+01  7.911001E+01  8.557430E+01  1.216507E+02
  1.228832E+02  2.840205E+02  2.863978E+02  3.010558E+02  3.027383E+02
  3.599477E+02  3.604463E+02  3.718296E+02  3.720048E+02  3.999753E+02
  4.043631E+02  4.461829E+02  4.476201E+02
  4.869859E+01  5.977629E+01  7.388373E+01  8.069615E+01  1.146227E+02
  1.163247E+02  2.833092E+02  2.856933E+02  2.989309E+02  3.002359E+02
  3.613778E+02  3.619286E+02  3.720479E+02  3.722453E+02  3.995545E+02
  4.039567E+02  4.484894E+02  4.499806E+02
  4.370868E+01  5.753163E+01  6.862871E+01  7.584594E+01  1.073691E+02
  1.095738E+02  2.826334E+02  2.850250E+02  2.968383E+02  2.977623E+02
  3.627873E+02  3.633715E+02  3.722566E+02  3.724677E+02  3.991362E+02
  4.035543E+02  4.506538E+02  4.522188E+02
  3.884603E+01  5.570587E+01  6.335144E+01  7.103993E+01  9.990571E+01
  1.026538E+02  2.819924E+02  2.843920E+02  2.947925E+02  2.953343E+02
  3.641629E+02  3.647603E+02  3.724538E+02  3.726696E+02  3.987269E+02
  4.031631E+02  4.526684E+02  4.543276E+02
  3.414057E+01  5.430221E+01  5.805839E+01  6.629693E+01  9.224900E+01
  9.559105E+01  2.813863E+02  2.837943E+02  2.928088E+02  2.929705E+02
  3.654916E+02  3.660815E+02  3.726382E+02  3.728494E+02  3.983326E+02
  4.027900E+02  4.545272E+02  4.562999E+02
  2.962477E+01  5.275578E+01  5.330681E+01  6.163920E+01  8.441558E+01
  8.841638E+01  2.808161E+02  2.832327E+02  2.906916E+02  2.909039E+02
  3.667605E+02  3.673223E+02  3.728086E+02  3.730061E+02  3.979588E+02
  4.024411E+02  4.562258E+02  4.581290E+02
  2.533266E+01  4.744934E+01  5.268793E+01  5.709365E+01  7.642229E+01
  8.116683E+01  2.802836E+02  2.827088E+02  2.885196E+02  2.890952E+02
  3.679567E+02  3.684713E+02  3.729642E+02  3.731397E+02  3.976103E+02
  4.021217E+02  4.577609E+02  4.598082E+02
  2.129838E+01  4.214405E+01  5.239734E+01  5.269367E+01  6.828608E+01
  7.388846E+01  2.797917E+02  2.822248E+02  2.864787E+02  2.874017E+02
  3.690680E+02  3.695181E+02  3.731044E+02  3.732508E+02  3.972913E+02
  4.018360E+02  4.591309E+02  4.613312E+02
  1.755414E+01  3.684399E+01  4.848145E+01  5.237379E+01  6.002405E+01
  6.664106E+01  2.793437E+02  2.817834E+02  2.845945E+02  2.858428E+02
  3.700820E+02  3.704545E+02  3.732286E+02  3.733409E+02  3.970049E+02
  4.015868E+02  4.603352E+02  4.626918E+02
  1.412734E+01  3.155216E+01  4.451054E+01  5.165404E+01  5.254782E+01
  5.950580E+01  2.789436E+02  2.813860E+02  2.828953E+02  2.844385E+02
  3.709874E+02  3.712735E+02  3.733367E+02  3.734117E+02  3.967538E+02
  4.013754E+02  4.613742E+02  4.638842E+02
  1.103669E+01  2.627039E+01  4.083987E+01  4.320439E+01  5.259814E+01
  5.284722E+01  2.785957E+02  2.810113E+02  2.814321E+02  2.832085E+02
  3.717734E+02  3.719703E+02  3.734283E+02  3.734658E+02  3.965399E+02
  4.012019E+02  4.622491E+02  4.649032E+02
  8.287275E+00  2.099935E+01  3.461583E+01  3.763544E+01  4.608908E+01
  5.320218E+01  2.783042E+02  2.800968E+02  2.807962E+02  2.821715E+02
  3.724304E+02  3.725420E+02  3.735034E+02  3.735055E+02  3.963643E+02
  4.010649E+02  4.629615E+02  4.657440E+02
  5.864388E+00  1.573862E+01  2.602363E+01  3.488941E+01  4.023781E+01
  5.354983E+01  2.780731E+02  2.791001E+02  2.805562E+02  2.813448E+02
  3.729501E+02  3.729869E+02  3.735335E+02  3.735618E+02  3.962275E+02
  4.009623E+02  4.635132E+02  4.664024E+02
  3.727359E+00  1.048680E+01  1.737554E+01  3.279703E+01  3.543031E+01
  5.383775E+01  2.779057E+02  2.783671E+02  2.803886E+02  2.807428E+02
  3.733048E+02  3.733257E+02  3.735521E+02  3.736032E+02  3.961299E+02
  4.008914E+02  4.639059E+02  4.668752E+02
  1.805502E+00  5.241614E+00  8.695554E+00  3.147648E+01  3.218454E+01
  5.402670E+01  2.778043E+02  2.779204E+02  2.802877E+02  2.803768E+02
  3.734963E+02  3.735428E+02  3.735728E+02  3.736270E+02  3.960714E+02
  4.008501E+02  4.641408E+02  4.671598E+02
  0.000000E+00  0.000000E+00  0.000000E+00  3.102402E+01  3.102402E+01
  5.409241E+01  2.777704E+02  2.777704E+02  2.802539E+02  2.802539E+02
  3.735615E+02  3.735615E+02  3.736336E+02  3.736336E+02  3.960520E+02
  4.008365E+02  4.642191E+02  4.672549E+02
